0000000110111
0000001011011
0000001011110
0000010001111
0000010010111
0000010011101
0000010101110
0000010110101
0000010111010
0000011010011
0000011011100
0000011101100
0000011110100
0000011111000
0000100010111
0000100101011
0000100111001
0000101111000
0000110001101
0000110110100
0000111010010
0000111010100
0000111100001
0000111100010
0001000011101
0001001001101
0001001011001
0001001100101
0001001110010
0001010000111
0001010100011
0001010100110
0001011010001
0001011100001
0001011100010
0001100000111
0001100010011
0001100011001
0001100101001
0001101100001
0001101110000
0001110001001
0001111000001
0001111000100
0010000011011
0010000101110
0010001110001
0010001111000
0010010010101
0010010100011
0010011000011
0010011010010
0010100000111
0010100001011
0010100010011
0010100010101
0010101000101
0010101001100
0010101101000
0010110100010
0010110101000
0010111000001
0010111000010
0010111001000
0011000001101
0011000011100
0011000100011
0011000101010
0011000110001
0011001000011
0011001000101
0011001010001
0011001100100
0011010000101
0011010100010
0011010101000
0011100100001
0011100110000
0011101010000
0011110100000
0011111000000
0100000101011
0100000101101
0100000111100
0100001010011
0100001011010
0100001111000
0100010001110
0100010010011
0100010101001
0100010110010
0100011010010
0100011010100
0100011110000
0100100001101
0100100010101
0100100011010
0100100110010
0100101000110
0100101001100
0100101010010
0100101100010
0100110001010
0100110001100
0100110101000
0101000001011
0101000010110
0101000101001
0101001000110
0101001010001
0101001101000
0101010000101
0101010010100
0101010110000
0101011000010
0101011010000
0101100000011
0101100001100
0101100010010
0101101000001
0101101100000
0101110001000
0110000011100
0110000110001
0110000111000
0110001000011
0110001001001
0110001100100
0110010001010
0110010010010
0110010011000
0110011000100
0110011001000
0110100001010
0110101000001
0110110000001
0110110010000
0111000000011
0111000001010
0111001000001
0111001000010
0111010000010
0111010010000
0111100000001
1000000001111
1000000011011
1000000101110
1000001000111
1000001111000
1000010001110
1000010010110
1000011000011
1000011000101
1000011000110
1000100011010
1000100110100
1000101101000
1000110000101
1000110000110
1000110010010
1000110101000
1000111100000
1001000010011
1001000100011
1001000111000
1001001000101
1001001010001
1001010010100
1001011100000
1001100011000
1001100110000
1001101001000
1001110000100
1010000001101
1010010001100
1010010101000
1010011000001
1010100100001
1010100110000
1010101000010
1010101000100
1010111000000
1011000000110
1011000001001
1011000001100
1011000100100
1011000101000
1011010010000
1011011000000
1011101000000
1100000001011
1100000001101
1100000011010
1100000100011
1100001000101
1100001001100
1100001011000
1100001100001
1100001100010
1100010000101
1100010001001
1100010001100
1100010010100
1100011000001
1100011010000
1100100000011
1100100000110
1100110000010
1100110000100
1101000000110
1101000001100
1101001000010
1101010000010
1101100100000
1110000001010
1110010100000
0000000010211
0000000210110
0000001001201
0000001101002
0000001101200
0000001210001
0000002011100
0000002110001
0000010001201
0000010011020
0000010101200
0000010201100
0000011000012
0000011000201
0000011010002
0000011201000
0000011210000
0000020011100
0000100002101
0000100002110
0000100021001
0000100021100
0000100200101
0000101000201
0000101000210
0000101200010
0000101201000
0000110002001
0000110100002
0000111000020
0000112000100
0000121001000
0000200110010
0000201000011
0000211000010
0001000000211
0001000011002
0001000011020
0001000011200
0001000100120
0001000101002
0001000102010
0001000120010
0001001000120
0001001002100
0001001100020
0001001100200
0001001200001
0001002000011
0001002101000
0001010000102
0001010120000
0001010201000
0001011020000
0001012001000
0001012100000
0001020000011
0001020000101
0001020100100
0001021000001
0001021010000
0001100001002
0001100001020
0001100002010
0001100002100
0001100012000
0001100021000
0001100200100
0001101000002
0001102000001
0001102000100
0001200000110
0001200010010
0001200101000
0001201001000
0001210000100
0001210100000
0002000001011
0002000011001
0002001000101
0002001001100
0002010000101
0002010001001
0002100001100
0002100100001
0002101000010
0002110000001
0002110000010
0010000001012
0010000002110
0010000100021
0010000102001
0010000210001
0010001000120
0010001010002
0010001100200
0010001102000
0010002001100
0010010020010
0010012001000
0010100000021
0010102010000
0010110020000
0010200010001
0010201001000
0011000020100
0011000102000
0011010000200
0011010200000
0011020000001
0011020010000
0011021000000
0011120000000
0012001001000
0012100000010
0012100000100
0020001000101
0020010010010
0020010100100
0021000001001
0021000001100
0021001000001
0021010000100
0021100100000
0100000012100
0100000100012
0100000110020
0100001012000
0100002100010
0100012010000
0100020001100
0100100120000
0100110002000
0100120010000
0100200010010
0101000002100
0101000010200
0101000021000
0101002100000
0101010200000
0101020000010
0101100002000
0101200000100
0102000000110
0102100000100
0110000010200
0110000100200
0110000200100
0110000210000
0110001000200
0111000020000
0111000200000
0112000000001
0120010001000
0120100000010
0120110000000
0121000000001
0121100000000
0200011001000
0201000001010
0201001000001
0201001000100
0201010000100
0201010010000
0201100000001
0201100000010
0201100000100
0210000010100
0210001000010
0210010010000
0211010000000
1000000000211
1000000021010
1000001002001
1000001020001
1000001020100
1000002001010
1000010120000
1000010200100
1000011000020
1000012100000
1000100010002
1000100200100
1000101002000
1000112000000
1000200010010
1000201000001
1001000010002
1001000020001
1001000021000
1001000100020
1001000102000
1001000200001
1001000210000
1001010002000
1001020001000
1001100200000
1001200100000
1002000010001
1002000100100
1002001001000
1002010000001
1010000000012
1010001000200
1010001020000
1010120000000
1020000000101
1020010010000
1020100000100
1021000000010
1100000020100
1100001000002
1100020010000
1100200100000
1101000000002
1101000000020
1101002000000
1101020000000
1102000000100
1102000100000
1102001000000
1102100000000
1110000000020
1200000000110
1200000001100
1200001000100
1200010000001
1200010100000
1201000000001
2000000101010
2000001000011
2000010010010
2000100100001
2000100101000
2000100110000
2001000011000
2001000100100
2001010000001
2001010000100
2001100000100
2001100100000
2010010000001
2011000000001
2011001000000
2011010000000
2100000011000
2100010010000
2100101000000
0000000002102
0000000010220
0000000020120
0000000020201
0000000120200
0000000200201
0000000202100
0000000210020
0000001000220
0000001020020
0000002000120
0000002000201
0000002001002
0000002001020
0000002010020
0000002100020
0000002100200
0000002102000
0000002200100
0000010200002
0000010202000
0000012000200
0000020000012
0000020000102
0000020000201
0000020001020
0000020002010
0000020012000
0000020021000
0000020100002
0000020200010
0000022010000
0000100002200
0000100200002
0000100220000
0000120000020
0000120200000
0000200000201
0000200001200
0000200102000
0000212000000
0001000000022
0001000002020
0001000002200
0001000020020
0001000022000
0001000200002
0001002000020
0001002000200
0001002002000
0001020000002
0001020002000
0001020020000
0001022000000
0001200000002
0001200000020
0001200002000
0001200020000
0001200200000
0001202000000
0001220000000
0002000000120
0002000010200
0002000020010
0002000100002
0002000100020
0002000120000
0002000200010
0002000200100
0002000201000
0002001000200
0002002000100
0002002001000
0002010000002
0002010002000
0002020000001
0002100000200
0002102000000
0002210000000
0010000002002
0010000020200
0010000022000
0010000200002
0010002200000
0010020000002
0010200000200
0010200020000
0010200200000
0020000020010
0020000200001
0020001000002
0020001000020
0020010000002
0020020000001
0020100000200
0020100020000
0020102000000
0020200010000
0020201000000
0021000000002
0021000000020
0021000000200
0021000020000
0021000200000
0021200000000
0022000000010
0022000000100
0022000100000
0100000020002
0100000020200
0100000022000
0100000200002
0100000200200
0100002000002
0100002000200
0100020000002
0100020000020
0102000002000
0120000000020
0120020000000
0200000010002
0200000020010
0200000201000
0200002001000
0200002100000
0200010000200
0200021000000
0200100020000
0200200000100
0200200001000
0201000000002
0201000000020
0201000000200
0201020000000
0201200000000
0202000000001
0202000010000
0210000002000
0220000000001
0220100000000
1000000000202
1000000200002
1000000200200
1000000202000
1000002000002
1000002002000
1000020000200
1002000000200
1002000002000
1002020000000
1020000000020
1020000000200
1200000000200
1200002000000
2000000000120
2000000020010
2000000200010
2000001002000
2000001200000
2000002000001
2000002001000
2000010002000
2000010020000
2000020000001
2000020010000
2000020100000
2000200000100
2000200010000
2001000000002
2001000000020
2001000002000
2001000200000
2001002000000
2001020000000
2001200000000
2010020000000
2010200000000
2012000000000
2020000100000
2020100000000
2021000000000
2100000002000
2120000000000
2200000000010
2201000000000
0000000003101
0000000011003
0000000130001
0000000130010
0000000130100
0000000300101
0000001003001
0000001300010
0000001300100
0000003000110
0000003001001
0000010000130
0000010030100
0000011300000
0000030000110
0000030001001
0000030100001
0000031000100
0000100000310
0000100003100
0000100010030
0000100100003
0000100301000
0000101000030
0000110000030
0000130010000
0000131000000
0000300000110
0000300011000
0000310000001
0001000000013
0001000000031
0001000000103
0001000000301
0001000000310
0001000001003
0001000001030
0001000003010
0001000003100
0001000031000
0001000100030
0001000103000
0001000130000
0001000300010
0001000310000
0001001000300
0001001003000
0001001030000
0001010000300
0001010030000
0001010300000
0001030000100
0001030100000
0001100000030
0001100300000
0001130000000
0001300000010
0001300001000
0001300010000
0001300100000
0003000010010
0003000010100
0003000100010
0010000000130
0010000003010
0010000003100
0010000030100
0010000031000
0010000100030
0010000103000
0010000310000
0010001000300
0010003001000
0010010000300
0010010300000
0010013000000
0010030000010
0010030100000
0010301000000
0030000010001
0030001000001
0030001001000
0030100000001
0031000010000
0100000003001
0100000003010
0100000010300
0100000030010
0100000030100
0100000130000
0100001000003
0100001030000
0100001300000
0100003000001
0100010003000
0100030100000
0100100000030
0100300000010
0100301000000
0101000000030
0103000001000
0110030000000
0110300000000
0130000000001
0130000000100
0130000001000
0130000010000
0130100000000
0131000000000
0300000000011
0300000001010
0300000010010
0300001000001
0300001000100
0300100001000
0300101000000
0301000000001
0301000010000
0301000100000
0301010000000
0310000000100
0311000000000
1000000001300
1000000003100
1000000013000
1000000031000
1000003000010
1000003001000
1000100000003
1000100300000
1000300000001
1000300000010
1001000003000
1001000030000
1001300000000
1003000100000
1010000000003
1010000000300
1010000003000
1030000000001
1030010000000
1031000000000
1100000000300
1100030000000
1300000000001
1300000000010
1300010000000
1300100000000
1301000000000
3000000000101
3000001000001
3000001001000
3000010010000
3000100100000
3001000000100
3001000010000
3001000100000
3010000100000
3011000000000
3100000000100
3100000100000
0000000000023
0000000000032
0000000002003
0000000002300
0000000003002
0000000003200
0000000020003
0000000020300
0000000023000
0000000030002
0000000030020
0000000030200
0000000032000
0000000200003
0000000230000
0000000300002
0000000300020
0000000302000
0000002000003
0000002000300
0000002003000
0000002030000
0000002300000
0000003000002
0000003002000
0000003200000
0000020000030
0000020000300
0000020003000
0000020030000
0000020300000
0000023000000
0000030000002
0000030000200
0000030002000
0000030020000
0000200003000
0000200300000
0000300000002
0000300000200
0000300002000
0000300200000
0000302000000
0000320000000
0002000000030
0002000000300
0002000003000
0002000030000
0002000300000
0002003000000
0002030000000
0003020000000
0020000000300
0020000300000
0020030000000
0020300000000
0030000000002
0030000000200
0030000002000
0030020000000
0030200000000
0032000000000
0200000000030
0200000003000
0200030000000
0200300000000
0230000000000
0300000000002
0300000000020
0300000002000
0300000200000
0300002000000
0302000000000
2000000000003
2000000000300
2000000003000
2000000300000
2000003000000
2000300000000
2030000000000
2300000000000
3000000002000
3000000020000
3000000200000
3000200000000
3002000000000
3020000000000
3200000000000
0000000000041
0000000000104
0000000000140
0000000000401
0000000000410
0000000001040
0000000001400
0000000004001
0000000004100
0000000010004
0000000010400
0000000040001
0000000040100
0000000100004
0000000100040
0000000100400
0000000400010
0000000400100
0000000401000
0000000410000
0000001000004
0000001000400
0000001004000
0000001040000
0000001400000
0000004000001
0000004000100
0000004001000
0000004010000
0000004100000
0000010000040
0000010000400
0000010040000
0000010400000
0000014000000
0000040000001
0000040000100
0000040010000
0000040100000
0000041000000
0000100000004
0000100000040
0000100000400
0000100004000
0000100400000
0000104000000
0000400000010
0000400001000
0000400100000
0000410000000
0001000000004
0001000000040
0001000000400
0001000004000
0001000040000
0001000400000
0001004000000
0001040000000
0001400000000
0004001000000
0010000000040
0010000004000
0010004000000
0010040000000
0010400000000
0040000000001
0040000000010
0040000000100
0040000001000
0040000100000
0040001000000
0040010000000
0040100000000
0041000000000
0100000000004
0100000004000
0100004000000
0100040000000
0140000000000
0400000000001
0400000000010
0400000010000
0400000100000
0400001000000
0400010000000
0400100000000
0401000000000
1000000000004
1000000000040
1000000000400
1000000040000
1000000400000
1000040000000
1000400000000
1040000000000
4000000010000
4000000100000
4000010000000
4000100000000
4001000000000
4100000000000
0005000000000